function [] = printshedgante( x )
%% 输出方案
    [ ~,a ] = fat( x );
    c1 = [0 11 12 13 7 15;
        10 0 9 12 13 7;
        13 8 0 7 12 13;
        13 12 7 0 11 12;
        7 13 12 11 0 11;
        15 7 13 12 11 0];           %管道混合成本
    c2 = [0 11 12 13 10 15;
        11 0 11 12 13 10;
        12 11 0 10 12 13;
        13 12 10 0 11 12;
        10 13 12 11 0 11;
        15 10 13 12 11 0];          %罐底混合成本
    %计算适应度函数
 	%fprintf('供油罐个数：%d\n',gnum(a)); 
 	%fprintf('蒸馏塔的供油罐切换次数：%d\n',gchange(a));
 	%fprintf('管道混合成本：%d\n',gdmix(a, c1));
 	%fprintf('罐底混合成本：%d\n',gdimix(a, c2));
    printgante(a);
end